1396
4845
2997
316
1620
2361
3729
2679
2713
2354
4533
718
1502
880
3395
2694
3556
2599
1832
3745
3807
843
1190
2620
2603
3824
2102
1375
3580
1683
1765
2349
3499
4070
1791
2061
4094
4117
1599
2026
4216
1257
991
3277
1527
4921
4897
4091
1753
4184
2795
860
3779
1723
1384
109
1996
3776
3810
3443
1641
1339
2231
307
1984
574
4057
4690
4018
4672
3733
2011
3780
3737
1827
4433
4127
4270
4708
3141
3097
989
266
3309
3252
179
2726
4802
4346
4667
2849
2993
4005
2162
2771
2381
1788
3457
380
811
4795
3301
1508
2179
1098
4071
211
4394
3517
1817
4977
2555
4982
2444
1298
1842
4634
837
4329
4069
1387
3336
270
204
305
983
2472
1291
4556
1594
1971
2814
4957
4918
4545
4116
4661
3466
2298
1833
4202
3009
2346
4341
3392
3860
3050
1026
82
2790
3797
3230
4666
1946
3297
2993
2091
3770
3251
4064
2931
2906
1822
1404
4424
4245
3290
2690
4182
2520
3956
2124
221
1601
4233
1184
930
2876
1609
2470
839
4659
73
2058
3544
545
1374
4660
4982
3413
3886
1461
182
1831
3120
2093
788
237
2186
3206
2289
2572
2396
2321
1997
3706
1517
2618
572
1996
51
3938
1470
2925
975
3623
2239
4700
1089
105
2315
1984
1481
860
3537
4826
2240
4908
2421
69
4265
381
149
1141
800
1185
956
443
3681
2558
698
1541
3684
1696
2462
4787
2010
4150
3400
2704
3231
66
2950
4345
3927
43
331
2018
693
4287
1187
2600
1676
1722
4025
3967
3126
3274
3713
16
3629
3492
4912
3582
412
1635
4914
2705
3880
2692
593
445
2666
2225
2335
3510
2229
3738
247
244
792
642
398
2453
1496
2168
3767
2127
3333
1432
4060
746
4803
75
2021
1605
4895
1678
3409
3213
3319
1327
367
1802
1509
2603
4901
261
4746
2400
616
707
2278
4671
712
1616
195
4502
3933
2541
3373
4880
1421
4054
2462
3476
4973
4159
646
4283
3335
3842
3091
4627
2393
1093
1393
4909
1898
4713
1337
2184
4562
4355
2229
80
2091
4127
4349
2370
1356
4567
504
3009
2054
515
1508
1835
3414
3519
2453
3915
2412
872
3420
2202
1363
3422
4923
4936
3732
4754
4593
1792
2081
2648
322
4299
4385
3149
2631
1527
168
2618
2489
4910
3738
2402
432
922
723
3964
3864
4036
155
638
528
390
608
4024
1449
4317
308
4604
3648
1761
3066
2888
1309
3618
1350
3550
1486
2164
2860
4212
4541
4242
4856
3160
785
3933
3803
3779
1009
2665
1725
624
2567
1252
4616
4435
4988
4405
3345
3144
4098
4233
849
3668
2055
4746
234
1764
1962
4896
1644
3489
573
3197
289
1982
1638
2616
18
3157
4209
2954
279
1954
3186
2899
4339
2612
4170
596
3948
4417
2496
1483
851
2082
4145
2524
3625
4868
2113
2282
3187
2052
1265
3660
3156
307
4546
3334
1326
1646
87
4640
260
2177
3900
2622
2840
4737
4119
4867
2752
374
244
4224
1428
1723
4883
175
4929
1107
4733
4501
1460
168
2066
2369
4574
557
3583
2623
2247
69
380
948
2758
4843
3434
684
2792
3688
4571
2064
1974
996
4104
2617
1081
4986
1947
2415
3893
276
2197
3370
3231
1258
353
4749
1433
958
296
4267
4962
356
2860
861
4456
4975
4061
439
4065
1306
1700
3362
512
3628
3605
2703
2952
1531
4909
1026
1317
2667
3355
969
4405
3360
2249
2949
764
4645
4661
2661
4027
1934
2970
213
1700
4975
2204
4565
759
2468
3437
4696
3053
4763
3709
3382
3348
2200
66
392
1394
3866
2927
1649
3590
2481
1132
4244
4919
3146
1842
3715
4591
3698
1428
3800
3227
3750
1264
1682
4508
2589
2127
2638
2415
3276
4211
1289
2780
873
4706
2413
104
514
3059
3948
2706
1577
1486
2115
4267
3565
1339
3160
4702
1930
4306
2155
884
3472
2441
775
3640
1455
3600
1215
4735
285
3989
1268
4816
889
208
3622
2045
3624
3925
618
1146
4559
4196
3670
815
4461
4083
3670
987
2148
4562
3474
2300
755
4594
146
4051
3924
3023
4523
901
4524
1363
3268
461
1963
365
4134
4943
4875
48
3518
651
3983
4602
2723
281
1737
3120
4682
4936
3086
4291
3457
3605
2006
4984
1617
3806
4461
4656
3994
1222
2300
2300
2882
2505
1590
2162
1696
2107
344
2217
2656
2398
3864
1384
3205
3731
865
724
3204
622
177
850
4573
793
2432
3294
2084
4411
4741
699
3644
426
3261
4211
4022
3230
1565
2034
3746
3945
4560
4703
1459
1863
2950
1190
2760
647
4741
4198
2366
1947
1453
293
3870
1634
1802
4156
1738
4634
3552
2045
267
1286
1126
3006
2612
1043
3455
4484
4446
4108
3063
1546
1367
1930
1978
3200
212
3649
4519
1344
3039
2520
2276
147
1866
2643
1642
1956
1787
4531
4087
1533
3680
2526
1085
1783
4722
3411
3474
2179
769
4974
39
1139
4552
526
2082
4288
4372
311
1086
4406
1228
1531
1528
3281
3551
1937
3606
640
1759
278
4638
3476
1783
2659
2680
320
1639
1612
2421
1417
3612
4103
533
2642
2416
3088
490
4810
1912
4768
4827
1690
1765
4733
761
876
1217
4127
1321
4386
4976
3965
1310
2842
1929
2390
1314
1773
4050
1163
1240
92
1654
294
1889
2587
1460
361
972
1531
316
1501
1794
2996
691
4825
4727
198
2899
1098
1343
866
2225
3234
2426
3236
770
1476
4852
3207
3546
1391
2020
623
2833
4366
4967
1187
1699
3464
4459
2461
3795
3254
2803
4193
2875
3925
1002
711
91
2915
1992
3263
1345
2481
242
1176
106
3884
2778
1407
3382
657
2377
3510
2989
1444
443
1609
4443
4140
1607
2223
291
1989
90
3894
2171
4171
3935
3410
4221
478
578
2532
1092
2371
4
4623
1873
2731
144
2223
2861
1543
3509
3017
4432
1401
378
1153
1562
