4
16
18
39
43
48
51
66
66
69
69
73
75
80
82
87
90
91
92
104
105
106
109
144
146
147
149
155
168
168
175
177
179
182
195
198
204
208
211
212
213
221
234
237
242
244
244
247
260
261
266
267
270
276
278
279
281
285
289
291
293
294
296
305
307
307
308
311
316
316
320
322
331
344
353
356
361
365
367
374
378
380
380
381
390
392
398
412
426
432
439
443
443
445
461
478
490
504
512
514
515
526
528
533
545
557
572
573
574
578
593
596
608
616
618
622
623
624
638
640
642
646
647
651
657
684
691
693
698
699
707
711
712
718
723
724
746
755
759
761
764
769
770
775
785
788
792
793
800
811
815
837
839
843
849
850
851
860
860
861
865
866
872
873
876
880
884
889
901
922
930
948
956
958
969
972
975
983
987
989
991
996
1002
1009
1026
1026
1043
1081
1085
1086
1089
1092
1093
1098
1098
1107
1126
1132
1139
1141
1146
1153
1163
1176
1184
1185
1187
1187
1190
1190
1215
1217
1222
1228
1240
1252
1257
1258
1264
1265
1268
1286
1289
1291
1298
1306
1309
1310
1314
1317
1321
1326
1327
1337
1339
1339
1343
1344
1345
1350
1356
1363
1363
1367
1374
1375
1384
1384
1387
1391
1393
1394
1396
1401
1404
1407
1417
1421
1428
1428
1432
1433
1444
1449
1453
1455
1459
1460
1460
1461
1470
1476
1481
1483
1486
1486
1496
1501
1502
1508
1508
1509
1517
1527
1527
1528
1531
1531
1531
1533
1541
1543
1546
1562
1565
1577
1590
1594
1599
1601
1605
1607
1609
1609
1612
1616
1617
1620
1634
1635
1638
1639
1641
1642
1644
1646
1649
1654
1676
1678
1682
1683
1690
1696
1696
1699
1700
1700
1722
1723
1723
1725
1737
1738
1753
1759
1761
1764
1765
1765
1773
1783
1783
1787
1788
1791
1792
1794
1802
1802
1817
1822
1827
1831
1832
1833
1835
1842
1842
1863
1866
1873
1889
1898
1912
1929
1930
1930
1934
1937
1946
1947
1947
1954
1956
1962
1963
1971
1974
1978
1982
1984
1984
1989
1992
1996
1996
1997
2006
2010
2011
2018
2020
2021
2026
2034
2045
2045
2052
2054
2055
2058
2061
2064
2066
2081
2082
2082
2084
2091
2091
2093
2102
2107
2113
2115
2124
2127
2127
2148
2155
2162
2162
2164
2168
2171
2177
2179
2179
2184
2186
2197
2200
2202
2204
2217
2223
2223
2225
2225
2229
2229
2231
2239
2240
2247
2249
2276
2278
2282
2289
2298
2300
2300
2300
2315
2321
2335
2346
2349
2354
2361
2366
2369
2370
2371
2377
2381
2390
2393
2396
2398
2400
2402
2412
2413
2415
2415
2416
2421
2421
2426
2432
2441
2444
2453
2453
2461
2462
2462
2468
2470
2472
2481
2481
2489
2496
2505
2520
2520
2524
2526
2532
2541
2555
2558
2567
2572
2587
2589
2599
2600
2603
2603
2612
2612
2616
2617
2618
2618
2620
2622
2623
2631
2638
2642
2643
2648
2656
2659
2661
2665
2666
2667
2679
2680
2690
2692
2694
2703
2704
2705
2706
2713
2723
2726
2731
2752
2758
2760
2771
2778
2780
2790
2792
2795
2803
2814
2833
2840
2842
2849
2860
2860
2861
2875
2876
2882
2888
2899
2899
2906
2915
2925
2927
2931
2949
2950
2950
2952
2954
2970
2989
2993
2993
2996
2997
3006
3009
3009
3017
3023
3039
3050
3053
3059
3063
3066
3086
3088
3091
3097
3120
3120
3126
3141
3144
3146
3149
3156
3157
3160
3160
3186
3187
3197
3200
3204
3205
3206
3207
3213
3227
3230
3230
3231
3231
3234
3236
3251
3252
3254
3261
3263
3268
3274
3276
3277
3281
3290
3294
3297
3301
3309
3319
3333
3334
3335
3336
3345
3348
3355
3360
3362
3370
3373
3382
3382
3392
3395
3400
3409
3410
3411
3413
3414
3420
3422
3434
3437
3443
3455
3457
3457
3464
3466
3472
3474
3474
3476
3476
3489
3492
3499
3509
3510
3510
3517
3518
3519
3537
3544
3546
3550
3551
3552
3556
3565
3580
3582
3583
3590
3600
3605
3605
3606
3612
3618
3622
3623
3624
3625
3628
3629
3640
3644
3648
3649
3660
3668
3670
3670
3680
3681
3684
3688
3698
3706
3709
3713
3715
3729
3731
3732
3733
3737
3738
3738
3745
3746
3750
3767
3770
3776
3779
3779
3780
3795
3797
3800
3803
3806
3807
3810
3824
3842
3860
3864
3864
3866
3870
3880
3884
3886
3893
3894
3900
3915
3924
3925
3925
3927
3933
3933
3935
3938
3945
3948
3948
3956
3964
3965
3967
3983
3989
3994
4005
4018
4022
4024
4025
4027
4036
4050
4051
4054
4057
4060
4061
4064
4065
4069
4070
4071
4083
4087
4091
4094
4098
4103
4104
4108
4116
4117
4119
4127
4127
4127
4134
4140
4145
4150
4156
4159
4170
4171
4182
4184
4193
4196
4198
4202
4209
4211
4211
4212
4216
4221
4224
4233
4233
4242
4244
4245
4265
4267
4267
4270
4283
4287
4288
4291
4299
4306
4317
4329
4339
4341
4345
4346
4349
4355
4366
4372
4385
4386
4394
4405
4405
4406
4411
4417
4424
4432
4433
4435
4443
4446
4456
4459
4461
4461
4484
4501
4502
4508
4519
4523
4524
4531
4533
4541
4545
4546
4552
4556
4559
4560
4562
4562
4565
4567
4571
4573
4574
4591
4593
4594
4602
4604
4616
4623
4627
4634
4634
4638
4640
4645
4656
4659
4660
4661
4661
4666
4667
4671
4672
4682
4690
4696
4700
4702
4703
4706
4708
4713
4722
4727
4733
4733
4735
4737
4741
4741
4746
4746
4749
4754
4763
4768
4787
4795
4802
4803
4810
4816
4825
4826
4827
4843
4845
4852
4856
4867
4868
4875
4880
4883
4895
4896
4897
4901
4908
4909
4909
4910
4912
4914
4918
4919
4921
4923
4929
4936
4936
4943
4957
4962
4967
4973
4974
4975
4975
4976
4977
4982
4982
4984
4986
4988
